#           y           U_x           U_y           U_z
      -0.0049             0             0             0
  -0.00479798    0.00433129  -0.000221874   8.65285e-23
  -0.00469596     0.0116462  -0.000828174  -2.30067e-22
  -0.00459394     0.0152821   -0.00189469   9.92035e-22
  -0.00449192     0.0265965   -0.00307949   9.57385e-22
   -0.0043899     0.0340229   -0.00472342   -2.6586e-21
  -0.00428788     0.0459662   -0.00636208   2.78947e-21
  -0.00418586     0.0516557   -0.00879894  -3.72977e-21
  -0.00408384      0.064903    -0.0109445  -9.69055e-21
  -0.00398182     0.0765663    -0.0134414   1.09165e-20
   -0.0038798     0.0941117    -0.0153473  -7.40756e-21
  -0.00377778      0.108139    -0.0180819  -1.81407e-20
  -0.00367576      0.121592    -0.0212685   2.50922e-20
  -0.00357374      0.138028    -0.0240438   2.81786e-20
  -0.00347172      0.155331    -0.0268403  -2.41953e-20
   -0.0033697      0.173327      -0.02968   -4.8774e-20
  -0.00326768      0.191872    -0.0325446   3.93508e-20
  -0.00316566      0.210871    -0.0354225   -3.8371e-20
  -0.00306364      0.230227    -0.0383022   3.93697e-20
  -0.00296162      0.249847    -0.0411725  -3.39347e-20
   -0.0028596      0.270357    -0.0434504   4.07107e-20
  -0.00275758      0.291178    -0.0453212  -2.70745e-20
  -0.00265556      0.311367    -0.0475538  -1.76687e-20
  -0.00255354      0.329832    -0.0516762   4.53118e-20
  -0.00245152         0.349    -0.0549888  -1.68986e-21
  -0.00234949      0.368399     -0.057597  -3.17729e-20
  -0.00224747      0.387831    -0.0595563  -8.71262e-21
  -0.00214545      0.407498    -0.0600554   1.42214e-20
  -0.00204343      0.424801    -0.0649163   1.62739e-20
  -0.00194141      0.442468    -0.0671516  -2.80672e-20
  -0.00183939      0.460152    -0.0673841  -3.44301e-20
  -0.00173737      0.476567    -0.0708537   1.73744e-20
  -0.00163535      0.492132    -0.0731539   1.34352e-21
  -0.00153333      0.507237    -0.0724698   8.29148e-21
  -0.00143131      0.521649    -0.0764917   3.38324e-21
  -0.00132929      0.534506    -0.0778682   3.88843e-21
  -0.00122727      0.546611    -0.0771426   1.86726e-20
  -0.00112525      0.558068     -0.080205   3.00483e-21
  -0.00102323      0.567034     -0.077958   -1.9861e-20
 -0.000921212        0.5772    -0.0818285  -1.96273e-20
 -0.000819192      0.583586     -0.080267  -3.06816e-20
 -0.000717172      0.591429    -0.0826862  -5.39953e-21
 -0.000615152      0.595034    -0.0811651   6.33516e-22
 -0.000513131      0.600379    -0.0827438   7.15384e-21
 -0.000411111      0.600854    -0.0806951   1.22205e-20
 -0.000309091      0.603801    -0.0819902    2.5352e-21
 -0.000207071       0.60068    -0.0789642  -1.00363e-23
 -0.000105051      0.601598    -0.0804374   1.89005e-23
  -3.0303e-06      0.594723    -0.0764453   1.12772e-21
  9.89899e-05      0.593917    -0.0781362   1.57248e-22
   0.00020101       0.58722     -0.075731   6.92366e-23
   0.00030303      0.581179    -0.0751665  -1.51852e-22
  0.000405051      0.573941    -0.0735954  -4.15372e-22
  0.000507071      0.562366    -0.0708831  -1.85099e-21
  0.000609091      0.553552    -0.0696587  -1.15137e-21
  0.000711111      0.539074    -0.0663531   5.55765e-22
  0.000813131      0.528816    -0.0652328  -2.33503e-20
  0.000915152      0.512217    -0.0617996   -3.1363e-20
   0.00101717       0.50017    -0.0604087  -2.91003e-21
   0.00111919      0.482392    -0.0571778  -5.11816e-21
   0.00122121      0.468157    -0.0552866   2.93236e-20
   0.00132323      0.450203    -0.0524352   2.87775e-20
   0.00142525      0.432692    -0.0498245  -4.88903e-20
   0.00152727      0.414887    -0.0472299  -3.08557e-20
   0.00162929      0.393698    -0.0441395   2.62929e-20
   0.00173131      0.377315    -0.0418399  -2.75063e-21
   0.00183333      0.356936    -0.0390649  -1.31327e-20
   0.00193535      0.338139    -0.0365099  -1.58682e-20
   0.00203737      0.319362    -0.0339194    2.6513e-20
   0.00213939      0.298556    -0.0314898   6.68181e-20
   0.00224141      0.280098    -0.0289562  -1.54543e-20
   0.00234343      0.261667    -0.0264881   1.17335e-20
   0.00244545      0.242793    -0.0242574   2.63884e-21
   0.00254747      0.222803     -0.022489   1.78873e-19
   0.00264949      0.206291    -0.0197742  -8.38227e-20
   0.00275152       0.18906    -0.0177766   -9.3084e-20
   0.00285354      0.172358    -0.0158804  -7.23051e-20
   0.00295556      0.155322    -0.0144282   1.60135e-20
   0.00305758      0.138526    -0.0132521   1.92877e-19
    0.0031596      0.124298    -0.0112293   8.06793e-20
   0.00326162      0.110736   -0.00937982  -8.75649e-20
   0.00336364     0.0975834   -0.00796786  -1.58556e-20
   0.00346566      0.085101   -0.00676045  -2.38619e-22
   0.00356768     0.0734238   -0.00566723             0
    0.0036697     0.0625754   -0.00468829     5.215e-24
   0.00377172     0.0525923   -0.00382669  -1.99896e-20
   0.00387374     0.0434685   -0.00307905  -2.35371e-20
   0.00397576     0.0351509   -0.00242876   3.11038e-20
   0.00407778     0.0276386   -0.00186503   2.87012e-20
    0.0041798     0.0200292   -0.00155025  -1.74893e-20
   0.00428182     0.0134082   -0.00130099  -2.25306e-20
   0.00438384     0.0105514  -0.000727266   3.55695e-21
   0.00448586    0.00324181  -0.000764468   1.09444e-20
   0.00458788    0.00318604  -0.000304134  -6.46889e-21
    0.0046899   0.000724018  -0.000181507             0
   0.00479192  -0.000963012  -9.37132e-05   1.18891e-21
   0.00489394   -0.00201751  -4.21123e-05  -1.81945e-21
   0.00499596   -0.00202709  -1.24879e-05   6.36464e-22
   0.00509798   -0.00139806  -1.30611e-06  -5.24858e-23
       0.0052  -7.36305e-18   1.85848e-20  -8.77053e-39
