#           y           U_x           U_y           U_z
      -0.0049             0             0             0
  -0.00479798    -0.0149867  -5.43621e-05   2.55119e-23
  -0.00469596     -0.027638  -0.000217234  -1.47148e-22
  -0.00459394    -0.0380931   -0.00048551   1.22506e-21
  -0.00449192    -0.0462914  -0.000863464   3.33327e-22
   -0.0043899    -0.0523216   -0.00134937  -3.06354e-21
  -0.00428788    -0.0562975   -0.00193384   8.13441e-22
  -0.00418586    -0.0581615    -0.0026272   2.21553e-21
  -0.00408384    -0.0581049   -0.00342188   4.59381e-21
  -0.00398182    -0.0561465   -0.00431333  -3.91472e-22
   -0.0038798    -0.0523415    -0.0053001  -5.08403e-21
  -0.00377778    -0.0467965   -0.00637748             0
  -0.00367576    -0.0397845   -0.00753979   1.99769e-20
  -0.00357374    -0.0310139   -0.00880562   2.69035e-20
  -0.00347172    -0.0210046    -0.0101442  -4.10673e-20
   -0.0033697   -0.00967184      -0.01155  -6.12161e-20
  -0.00326768    0.00301165    -0.0130511  -3.41463e-20
  -0.00316566     0.0165818    -0.0146075  -1.32372e-20
  -0.00306364     0.0313665    -0.0162334   4.20998e-20
  -0.00296162     0.0469605    -0.0179209   7.41748e-20
   -0.0028596     0.0630408    -0.0196214   5.36099e-20
  -0.00275758     0.0801618    -0.0214096  -7.58857e-20
  -0.00265556     0.0976099    -0.0232062  -9.97442e-20
  -0.00255354      0.116115    -0.0250926   1.62761e-20
  -0.00245152      0.135055    -0.0270066   3.31827e-20
  -0.00234949      0.154701    -0.0289709   6.72262e-21
  -0.00224747      0.174478    -0.0309183   2.42495e-20
  -0.00214545      0.194983    -0.0329555   2.36204e-20
  -0.00204343      0.215644    -0.0349738   2.19403e-20
  -0.00194141      0.236429    -0.0369674   3.01761e-20
  -0.00183939      0.257715    -0.0390326   3.10697e-20
  -0.00173737      0.279021    -0.0410556  -4.37767e-20
  -0.00163535      0.300416    -0.0430663  -2.94216e-20
  -0.00153333      0.321857    -0.0450579  -1.69541e-20
  -0.00143131      0.343238    -0.0470027  -2.08166e-20
  -0.00132929      0.364548    -0.0489113   3.68233e-20
  -0.00122727      0.385747    -0.0507899   1.74107e-20
  -0.00112525      0.406726    -0.0526195  -1.97512e-20
  -0.00102323      0.427426    -0.0544002   1.28716e-20
 -0.000921212      0.447725    -0.0561038    1.4521e-20
 -0.000819192      0.467527    -0.0577094  -1.79178e-20
 -0.000717172      0.486782    -0.0592251   2.17884e-21
 -0.000615152      0.505409     -0.060643  -2.76292e-20
 -0.000513131      0.523228    -0.0619227   1.00583e-21
 -0.000411111      0.540237    -0.0631269   2.87639e-20
 -0.000309091      0.556334    -0.0641852   -4.8914e-21
 -0.000207071      0.571451     -0.065114   1.33613e-21
 -0.000105051      0.585506    -0.0659068   1.24178e-22
  -3.0303e-06      0.598333    -0.0665112   1.23521e-22
  9.89899e-05      0.609687    -0.0669986   2.09802e-21
   0.00020101      0.619956    -0.0673525  -1.41878e-21
   0.00030303      0.628805    -0.0675244   1.06022e-21
  0.000405051      0.636228    -0.0675366    4.0974e-22
  0.000507071      0.642174    -0.0673877  -2.04402e-20
  0.000609091      0.646599    -0.0670769   8.86522e-21
  0.000711111      0.649305    -0.0665686   8.65744e-22
  0.000813131      0.650382    -0.0659094  -1.10012e-21
  0.000915152      0.649944    -0.0651318   2.46319e-20
   0.00101717      0.647817    -0.0641673   -4.0743e-20
   0.00111919      0.644055    -0.0630485  -5.82337e-21
   0.00122121      0.638669    -0.0617816   4.25591e-20
   0.00132323      0.631685    -0.0603728   6.27528e-20
   0.00142525      0.623109    -0.0588183    5.5531e-20
   0.00152727       0.61295    -0.0571141  -1.87958e-21
   0.00162929      0.601519    -0.0553687  -9.38373e-20
   0.00173131       0.58832    -0.0534526  -5.52574e-20
   0.00183333      0.573843    -0.0514439  -7.59893e-20
   0.00193535      0.558201    -0.0493481   5.67788e-20
   0.00203737      0.541376    -0.0471853   8.89924e-20
   0.00213939      0.523164    -0.0449368    2.3264e-20
   0.00224141      0.504194    -0.0426419  -1.81071e-21
   0.00234343       0.48423    -0.0403128  -1.46554e-20
   0.00244545      0.463443    -0.0379538  -1.43016e-20
   0.00254747      0.442101    -0.0355727  -3.71588e-22
   0.00264949       0.42002    -0.0332033   2.90762e-20
   0.00275152      0.397589    -0.0308164   1.61127e-20
   0.00285354      0.375161    -0.0285297  -6.82092e-20
   0.00295556      0.352721    -0.0262552  -7.31105e-20
   0.00305758      0.330005    -0.0240466   9.74686e-21
    0.0031596      0.307466    -0.0218746  -5.63449e-22
   0.00326162      0.284855    -0.0197832  -5.86941e-20
   0.00336364      0.262282    -0.0177193  -2.69081e-20
   0.00346566      0.240285    -0.0157948   4.93013e-20
   0.00356768       0.21886    -0.0139425    3.9936e-20
    0.0036697      0.197618    -0.0121888   1.62348e-20
   0.00377172      0.177384    -0.0105612   2.75163e-20
   0.00387374       0.15797    -0.0090397   1.38022e-20
   0.00397576      0.139019   -0.00762485  -1.85946e-20
   0.00407778      0.121353   -0.00635501  -2.08309e-21
    0.0041798      0.104604   -0.00519845   5.27075e-21
   0.00428182     0.0888722   -0.00416186  -1.76862e-20
   0.00438384     0.0742247   -0.00324707   2.16637e-21
   0.00448586      0.060697   -0.00245196  -6.21371e-21
   0.00458788     0.0482946   -0.00177156   5.48721e-21
    0.0046899     0.0372059   -0.00121389  -1.12531e-21
   0.00479192     0.0272303  -0.000763328   3.19433e-21
   0.00489394     0.0185616  -0.000423573  -1.99422e-22
   0.00499596      0.011097  -0.000184446   6.71066e-23
   0.00509798    0.00493834  -4.60742e-05  -1.11431e-23
       0.0052  -3.39164e-17   2.37565e-20             0
